5.183454798055810109e+00
4.035334656220644689e+00
6.623261796328379525e+00
3.139143743716255930e+00
2.670505138470026463e+00
2.779624861216505760e+00
2.090609400585459188e+00
2.551519772645679307e+00
2.404287760745977387e+00
1.925617472771355088e+00
2.198489103155613300e+00
1.773314543386060649e+00
2.178884499833871224e+00
1.978177930778776128e+00
2.252968700807531199e+00
1.865330005324089990e+00
1.759805126356513094e+00
1.593440330613407507e+00
1.692910989167207170e+00
1.736929061969774146e+00
1.835658925228322857e+00
1.663848681020128284e+00
1.649850287155042672e+00
1.877442624085958078e+00
1.828771484199720687e+00
1.720023922225279778e+00
1.923520948078766279e+00
1.683069953342994696e+00
1.710926533817333173e+00
1.623198206872649596e+00
1.682970310320689888e+00
1.898002037351917970e+00
1.782944122161315370e+00
1.522161696405080589e+00
1.866117634750083409e+00
1.557740445852153099e+00
1.867423168057436467e+00
1.673566586240722964e+00
1.818362228153151738e+00
1.568882552283386467e+00
1.594054704746803885e+00
1.542918961552591561e+00
1.431496335741240244e+00
1.483662378164178453e+00
1.731613373726873517e+00
1.437269321547081979e+00
1.543627919150784455e+00
1.589412764137920542e+00
1.519308076289850096e+00
1.619708460235339986e+00
1.491557606547104120e+00
1.780673224747905126e+00
1.376757423245241307e+00
1.275541440815584293e+00
1.459137008060403806e+00
1.404635163380051788e+00
1.335932368167575213e+00
1.456988760780050240e+00
1.311481734067548199e+00
1.172688178002253778e+00
1.216195578045887293e+00
1.179857620722703615e+00
1.135309757512428463e+00
1.351302184590821742e+00
1.389894793787832761e+00
1.249667022688849327e+00
1.135349159823410670e+00
1.214108501399354889e+00
1.264493020827172076e+00
1.234407844539358257e+00
1.334447999308304489e+00
1.303107719340860005e+00
1.310389810106639130e+00
1.314914593233236895e+00
1.192307401376442311e+00
1.302204673341233576e+00
1.322728723287702968e+00
1.246351743184681782e+00
1.309641909053317566e+00
1.260271148679316555e+00
1.203998945683506960e+00
1.324150917953460294e+00
1.357239382253330184e+00
1.109791265645098113e+00
1.162337765352935648e+00
1.115751991187823977e+00
1.250391704349146593e+00
1.046156473804790377e+00
1.276238024361744827e+00
1.083832490734126575e+00
1.338300935256423019e+00
1.199090148132529121e+00
1.260770889681181339e+00
1.180750300261480534e+00
1.269941113896998264e+00
9.466391954009073517e-01
1.239905576068898396e+00
1.028749165287476508e+00
1.150958651253537690e+00
