5.041044722398135391e+00
4.213036383838133503e+00
5.169040987584230251e+00
3.532535475002762659e+00
3.157772601883570118e+00
2.995918829700541242e+00
2.716500066029199356e+00
3.152506650163954482e+00
3.059590597039568038e+00
2.521392521096966099e+00
2.612566973268770187e+00
2.358888951662357680e+00
2.799012187144113373e+00
2.654737706772540395e+00
2.521710662755314303e+00
2.353495269422848590e+00
2.251873101748528061e+00
2.343390707747071033e+00
2.278076991989196998e+00
2.324474338153438069e+00
2.228779898604746013e+00
2.424689586595016433e+00
2.507481709587410901e+00
2.565334785532502160e+00
2.373071059823942619e+00
2.256161401878782335e+00
2.390292797654802737e+00
2.234897236329745684e+00
2.280235676851316118e+00
2.323030894641568533e+00
2.326641881829361491e+00
2.633160092647657269e+00
2.333154801140718604e+00
2.117656296881430755e+00
2.500449432218863510e+00
2.106041194296219832e+00
2.226877520686249667e+00
2.134689043998150737e+00
2.267447810053956125e+00
2.016572181209170367e+00
2.123925227637209812e+00
2.147416342601658368e+00
2.000944873060881424e+00
2.205919600679767001e+00
2.059739922712382931e+00
2.203653013405919570e+00
2.136564737805897174e+00
2.134195747650836417e+00
2.081019899549970464e+00
2.169336562748567676e+00
2.063258247806152301e+00
2.165479793158685773e+00
1.968641511136455691e+00
1.951496266796022505e+00
1.932522151002019628e+00
2.114290702705902802e+00
2.084815288436811187e+00
2.062741362697240177e+00
1.942451092114703792e+00
1.826633990648456329e+00
1.853379545863240274e+00
1.995464908649917879e+00
1.766025307800746846e+00
1.750630296790341545e+00
1.939600701641085223e+00
1.810399621574154683e+00
1.726390066203801421e+00
1.809869259155823640e+00
1.736109416786581594e+00
1.857384629206202398e+00
1.956702212976609401e+00
1.810581912785472980e+00
1.898459699235271581e+00
1.857397548525174802e+00
1.902990226192486700e+00
1.847794231416000299e+00
1.795586897065537091e+00
1.847758741993241083e+00
1.816196646615267696e+00
1.899798631690300166e+00
1.871688589606534947e+00
1.865996502936317913e+00
1.877272185081876321e+00
1.867171090330786543e+00
1.864509705324831845e+00
1.638911852302606498e+00
1.877460185030690232e+00
1.742607917099890047e+00
1.735146146703273162e+00
1.733099963624007867e+00
1.795727036597401627e+00
1.890320204495582468e+00
1.704694656347302884e+00
1.700805478277091609e+00
1.916664132860933512e+00
1.775411998989009144e+00
1.953768173904215422e+00
1.722663186973624416e+00
1.953455675448728446e+00
