4.908230188714338027e+00
4.151406674016958398e+00
5.229615066891142305e+00
3.482408145466310057e+00
3.072571667550997088e+00
2.916760753368100811e+00
2.621630005042931089e+00
3.088108230052946990e+00
2.940854267899302599e+00
2.401071680736527103e+00
2.461050616903763366e+00
2.244069809345266897e+00
2.671519335025765329e+00
2.539082911025454692e+00
2.392896995865713361e+00
2.240132516810062757e+00
2.135550521917577438e+00
2.229820301507109193e+00
2.186140471108495742e+00
2.216403426278374056e+00
2.105152029879900688e+00
2.297570808523902830e+00
2.369178832633068943e+00
2.432872559475808494e+00
2.273046742765204353e+00
2.191696484869569694e+00
2.270502864938513277e+00
2.157300459791329228e+00
2.146029621324217818e+00
2.217053958533733660e+00
2.190306014963703696e+00
2.460736900094120383e+00
2.199765867144973797e+00
2.022396473828377950e+00
2.382730816220832271e+00
2.012001782752183665e+00
2.155789375960466270e+00
2.032697481777614001e+00
2.185658389426039516e+00
1.970724423926349056e+00
2.083118821676394727e+00
2.097360608401563908e+00
1.952637991488751279e+00
2.173834410533204142e+00
1.976274135412538824e+00
2.173846134815653475e+00
2.085429430769075498e+00
2.077098044661445542e+00
2.038166311998198754e+00
2.106937401896997297e+00
2.011930351971747744e+00
2.112797148898770239e+00
1.908169561292435867e+00
1.905879045369404112e+00
1.915441032740710314e+00
2.042182057194079192e+00
2.108111220211811077e+00
2.087641631344755666e+00
1.951371913864489827e+00
1.791370747536507269e+00
1.848042214443551101e+00
2.121214602340018018e+00
1.809170684145395391e+00
1.805670597032836389e+00
1.990990271031308323e+00
1.870064541191446716e+00
1.757588473388193018e+00
1.721758939375588326e+00
1.974691930876870671e+00
1.984463496155994378e+00
1.793600690731915304e+00
1.882997357786392101e+00
1.807229924268077825e+00
1.959577640724796233e+00
1.721701876087309069e+00
2.006384730879238631e+00
1.737224588941532533e+00
1.987583461563219744e+00
1.760480804373533159e+00
1.743431450036800001e+00
1.962224398035632200e+00
1.983651651791908277e+00
1.733013500008545593e+00
1.813513952548035491e+00
2.035214919274435985e+00
1.833322857008372386e+00
2.025781403826729665e+00
1.906419888838183363e+00
1.931679938139667430e+00
1.931801781991298483e+00
1.992160375571504272e+00
1.995916161744361039e+00
1.964776590033565640e+00
1.798385465996039656e+00
1.956401019218994897e+00
1.943146380122594552e+00
1.986262440627256654e+00
1.771554422458309075e+00
1.981540021177697453e+00
