5.000296131766103436e+00
4.191582739952604442e+00
5.007694393328268490e+00
3.496543945031769240e+00
3.110794424801704317e+00
2.963145354736184345e+00
2.671111925874685600e+00
3.117486517588137662e+00
3.028589817862516576e+00
2.470066205964761341e+00
2.554772774205499530e+00
2.309741611467714506e+00
2.769503898920367746e+00
2.597122900800831857e+00
2.456373666459030325e+00
2.314898086885600392e+00
2.173885798110741785e+00
2.243576277967367805e+00
2.254446764971245631e+00
2.245834963211085888e+00
2.400989792273108936e+00
2.421886729287686446e+00
2.319920483397208688e+00
2.413350886396901540e+00
2.387287535755907353e+00
2.220580329003842834e+00
2.313971921336286819e+00
2.173755957351072077e+00
2.234143337080986225e+00
2.238581394277286751e+00
2.275238348982855818e+00
2.580115881629381214e+00
2.183977027016607231e+00
2.014327135199386998e+00
2.430263163689187600e+00
2.074240934681445214e+00
2.275085982059728895e+00
2.223135434983054992e+00
2.228210357127629049e+00
1.983162750360622395e+00
2.095131968907635756e+00
2.079861271575855763e+00
2.034496373140023184e+00
1.980771354890702440e+00
2.018877062438044767e+00
2.335423891218561199e+00
2.162271232393357057e+00
2.074269499100871439e+00
2.023203067119539789e+00
2.129131777084607435e+00
2.233575393136303600e+00
2.148758118722480681e+00
2.049703816827596725e+00
1.978755654179386703e+00
2.153003305686965518e+00
2.099275046076158446e+00
2.226479550533679408e+00
2.143803089782820415e+00
2.080933795626257687e+00
1.936326305598358610e+00
2.082234517358134251e+00
2.301258678876485497e+00
1.896808946843465682e+00
2.017868736266111185e+00
2.127627512074944161e+00
1.795106068336250527e+00
1.769814841876299116e+00
1.868067038947403891e+00
1.924323854741840423e+00
1.877088592659120758e+00
1.914071991296162123e+00
1.870899809015881265e+00
1.892304379060632202e+00
1.951001611700991623e+00
1.768214277267945445e+00
1.933985345609465778e+00
1.864201935753048822e+00
1.879604774911228571e+00
1.871244437027454577e+00
1.889374137392862529e+00
2.104486053130673273e+00
1.946896810238903708e+00
1.949809307614604359e+00
1.944292153065362738e+00
1.941703398646645429e+00
1.757377379701212883e+00
1.915365788041095030e+00
2.048427386398232741e+00
2.055365775446313492e+00
1.760080584197206699e+00
2.062092241107730928e+00
1.922158812061713240e+00
1.985801524207972291e+00
1.873848275065029823e+00
1.880813573719118059e+00
1.842317935200617596e+00
1.885497857356706719e+00
1.950689603364326841e+00
1.984790427358281706e+00
