4.938731275957288780e+00
4.092015376260080828e+00
4.950502618289288392e+00
3.435815144462097681e+00
3.075319940391506357e+00
2.957931250161733860e+00
2.669070224756594722e+00
3.114494057253360371e+00
3.009446310382993595e+00
2.467407577176512490e+00
2.578291867412819904e+00
2.290065220165115711e+00
2.755478888364043755e+00
2.580840112259879859e+00
2.430736404751412838e+00
2.296994520806515894e+00
2.144684697082062108e+00
2.196334103143097849e+00
2.235713613448558679e+00
2.210017289002522478e+00
2.360501760773213498e+00
2.404383630035653141e+00
2.288093272786499099e+00
2.372131172591092074e+00
2.358318789313057273e+00
2.190175535161540843e+00
2.292213748654329475e+00
2.142782031965356104e+00
2.211346305101329346e+00
2.204066153927719984e+00
2.259505053875434211e+00
2.543956142366057716e+00
2.154933107057098063e+00
1.981635254556175285e+00
2.393004128758937199e+00
2.042143477636229054e+00
2.233425779304438752e+00
2.185845021550867795e+00
2.192560698401393005e+00
1.954589828060852907e+00
2.072161335597606513e+00
2.056592863729536536e+00
2.022265347855126461e+00
1.953988403902219950e+00
1.988449047908014133e+00
2.308611055400808354e+00
2.130274727716484851e+00
2.042958046872644040e+00
1.993346491241313245e+00
2.097109065798693273e+00
2.210389520870727598e+00
2.113915899672197618e+00
2.017885091817507970e+00
1.960144861874626443e+00
2.176034482647272839e+00
2.043743801524604109e+00
2.104820082346039456e+00
2.150092936805020116e+00
2.234464398794532958e+00
1.914962798692352530e+00
2.261242888279518137e+00
2.070251374061979899e+00
1.868510225350842324e+00
2.122070231401934404e+00
2.075030817988164689e+00
1.868978804469086930e+00
1.959491496835672031e+00
1.962385341965035002e+00
2.080904826352410808e+00
2.006221556561755381e+00
2.086895335677765750e+00
1.872842093064919666e+00
2.033892083899823344e+00
2.039366296007137702e+00
2.118544741915053375e+00
2.043148321354259167e+00
1.935707629560358800e+00
2.016781925542588727e+00
1.925119810221794125e+00
1.983724625268428632e+00
1.900061572812280719e+00
2.069562373420091639e+00
2.030594529727018926e+00
2.002494461059172171e+00
1.969107182048354110e+00
1.760844057144471897e+00
1.988798943467461999e+00
1.887144314044550075e+00
1.938062814131244593e+00
1.835634060921980781e+00
1.959238309039385006e+00
1.954182395577152453e+00
1.811777281637350301e+00
1.843134029904791138e+00
1.922762834261905640e+00
1.807676699065426940e+00
1.947056598706692565e+00
1.936693982327359898e+00
2.027291534322531064e+00
